Sample Names	MutationType	SBS96A	SBS96B	SBS96C	SBS96D
CRUK0001_SU_T1-R1	A[C>A]A	1.501156956487731e-08	0.05425850920415603	0.07798772986966089	0.8677537459146134
CRUK0001_SU_T1-R1	A[C>A]C	0.49481377512700203	0.10694291106662544	0.03895202722025468	0.35929128658611786
CRUK0001_SU_T1-R1	A[C>A]G	0.49900007619000936	0.10878488661950977	0.03697040952570922	0.35524462766477155
CRUK0001_SU_T1-R1	A[C>A]T	0.2403452385122721	0.18563302236238086	0.01694263302695343	0.5570791060983935
CRUK0001_SU_T1-R1	A[C>G]A	0.8150727345949957	0.03914646158291055	0.009968615334123788	0.13581218848796997
CRUK0001_SU_T1-R1	A[C>G]C	0.8147121664087347	0.024697780877763094	0.019575420096640147	0.14101463261686206
CRUK0001_SU_T1-R1	A[C>G]G	0.5623327868311814	0.011886066778706914	0.017071707704931036	0.40870943868518056
CRUK0001_SU_T1-R1	A[C>G]T	0.6912302322352326	0.012371785646106756	0.02324783082389266	0.273150151294768
CRUK0001_SU_T1-R1	A[C>T]A	0.773384059857128	0.01305603695723655	0.02484263330027713	0.18871726988535822
CRUK0001_SU_T1-R1	A[C>T]C	0.8663444651847622	0.010202172363041877	0.01320566281589058	0.11024769963630529
CRUK0001_SU_T1-R1	A[C>T]G	0.81315855437866	0.001251333016213522	0.007851697664291722	0.17773841494083475
CRUK0001_SU_T1-R1	A[C>T]T	0.7598228965073252	0.0065315872171591675	0.01967426808967608	0.2139712481858395
CRUK0001_SU_T1-R1	A[T>A]A	0.11089922273799156	0.03204853687607577	0.06253660618452406	0.7945156342014086
CRUK0001_SU_T1-R1	A[T>A]C	0.5073261090091797	0.028877547341725693	0.033669456961544976	0.43012688668754956
CRUK0001_SU_T1-R1	A[T>A]G	0.4577942806462511	0.06016607405157745	0.06891669521087627	0.4131229500912952
CRUK0001_SU_T1-R1	A[T>A]T	0.4179337023899789	0.025421447820670583	0.02472773524320174	0.5319171145461488
CRUK0001_SU_T1-R1	A[T>C]A	0.7382173910268636	0.018048145930331893	0.02066114377355242	0.22307331926925195
CRUK0001_SU_T1-R1	A[T>C]C	0.6831719895537978	0.0023914309756163533	0.01201220491886832	0.30242437455171756
CRUK0001_SU_T1-R1	A[T>C]G	0.8142481859301983	0.00340197056632822	0.008631353459859027	0.17371849004361437
CRUK0001_SU_T1-R1	A[T>C]T	0.8375841598334152	0.008094382846485806	0.0126232991421889	0.14169815817791015
CRUK0001_SU_T1-R1	A[T>G]A	0.3567893804706244	0.03634275901019217	0.0014392054957748958	0.6054286550234085
CRUK0001_SU_T1-R1	A[T>G]C	0.4498597933361395	0.01583626136016818	0.0006323848565879336	0.5336715604471044
CRUK0001_SU_T1-R1	A[T>G]G	0.2832834916156081	0.006717635253345427	0.003144901578471632	0.7068539715525749
CRUK0001_SU_T1-R1	A[T>G]T	0.6773543994877806	0.013329644697338185	0.023389266920872724	0.28592668889400846
CRUK0001_SU_T1-R1	C[C>A]A	0.06218265065813325	0.4052604677726195	0.05124893823586869	0.4813079433333787
CRUK0001_SU_T1-R1	C[C>A]C	0.37881310413958663	0.5357668732909759	0.07530118850643261	0.010118834063004761
CRUK0001_SU_T1-R1	C[C>A]G	0.6281095891819425	0.21680033502550478	0.024803760930099752	0.1302863148624529
CRUK0001_SU_T1-R1	C[C>A]T	0.4185324245142586	0.48685768386854933	0.03497892278113096	0.05963096883606102
CRUK0001_SU_T1-R1	C[C>G]A	0.7195592505271257	0.05360572276145217	0.03988664969115167	0.18694837702027048
CRUK0001_SU_T1-R1	C[C>G]C	0.681060102673716	0.034751240450449576	0.01628122560692121	0.2679074312689133
CRUK0001_SU_T1-R1	C[C>G]G	0.6803465460805914	0.03286118704386482	0.02734145859462948	0.2594508082809144
CRUK0001_SU_T1-R1	C[C>G]T	0.9099671167733004	0.026767943969511866	0.037553855041794634	0.025711084215393077
CRUK0001_SU_T1-R1	C[C>T]A	0.8305217873400284	0.02980036985638409	0.023964692005097887	0.1157131507984896
CRUK0001_SU_T1-R1	C[C>T]C	0.6689523506177597	0.02731452012403019	0.019711749539736416	0.28402137971847363
CRUK0001_SU_T1-R1	C[C>T]G	0.7992450905804017	0.005161593414919796	0.010727590935160307	0.18486572506951834
CRUK0001_SU_T1-R1	C[C>T]T	0.7859282108381966	0.030608612178356302	0.02865886522535406	0.154804311758093
CRUK0001_SU_T1-R1	C[T>A]A	0.4082460423234242	0.3016312277804113	0.09896333429479233	0.19115939560137213
CRUK0001_SU_T1-R1	C[T>A]C	0.7326238162583184	0.10786353879774735	0.021324022494763752	0.13818862244917057
CRUK0001_SU_T1-R1	C[T>A]G	0.35860032018045457	0.21193625541826355	0.06568836949703327	0.36377505490424866
CRUK0001_SU_T1-R1	C[T>A]T	0.6386639149225699	0.12131599503414797	0.046745563511844807	0.19327452653143734
CRUK0001_SU_T1-R1	C[T>C]A	0.6776341389285876	0.012871059971477642	0.012833710311161916	0.29666109078877284
CRUK0001_SU_T1-R1	C[T>C]C	0.1260384535604596	0.0014019327373740714	0.0024069298286918716	0.8701526838734744
CRUK0001_SU_T1-R1	C[T>C]G	0.6913479699602642	0.00840247444290801	0.00848712792910573	0.29176242766772215
CRUK0001_SU_T1-R1	C[T>C]T	0.7159741701669212	0.006397571455360063	0.007087739302196827	0.270540519075522
CRUK0001_SU_T1-R1	C[T>G]A	0.7815931810077726	3.24886996075464e-05	0.016974982529041577	0.20139934776357823
CRUK0001_SU_T1-R1	C[T>G]C	0.7494779955888269	0.01591094740028054	0.009868187182815487	0.22474286982807706
CRUK0001_SU_T1-R1	C[T>G]G	0.3105053635705811	0.01286625693738466	0.002629041221582966	0.6739993382704512
CRUK0001_SU_T1-R1	C[T>G]T	0.7684320531785982	0.026406142581952334	0.0005562482940328746	0.2046055559454166
CRUK0001_SU_T1-R1	G[C>A]A	0.17014411817155128	0.1008238739360746	0.06616633923219356	0.6628656686601806
CRUK0001_SU_T1-R1	G[C>A]C	0.7128259889732967	0.256541063066588	0.018486019447087276	0.012146928513027903
CRUK0001_SU_T1-R1	G[C>A]G	0.7559702610166202	0.15002285713729793	0.038208104445678966	0.0557987774004028
CRUK0001_SU_T1-R1	G[C>A]T	0.6392640539362339	0.20903888108917906	0.0031478107926737305	0.1485492541819134
CRUK0001_SU_T1-R1	G[C>G]A	0.5018122589388383	0.019435303562746514	0.003613184448816712	0.4751392530495985
CRUK0001_SU_T1-R1	G[C>G]C	0.49423653109715576	0.022137544580508994	0.00806004655371284	0.4755658777686224
CRUK0001_SU_T1-R1	G[C>G]G	0.0384564568060497	0.0030761241996915597	0.0026289220837582756	0.9558384969105005
CRUK0001_SU_T1-R1	G[C>G]T	0.5911588700441366	0.024759027190875756	0.009653249531328687	0.374428853233659
CRUK0001_SU_T1-R1	G[C>T]A	0.7736008663513555	0.015438926386249607	0.02469501640319008	0.18626519085920487
CRUK0001_SU_T1-R1	G[C>T]C	0.7271410678475112	0.014294688286069428	0.023238566940568754	0.23532567692585066
CRUK0001_SU_T1-R1	G[C>T]G	0.7495194055610002	0.009789673620544727	0.010415714589540014	0.2302752062289151
CRUK0001_SU_T1-R1	G[C>T]T	0.7614266426662981	0.014536671654626812	0.024254922327600126	0.1997817633514751
CRUK0001_SU_T1-R1	G[T>A]A	0.47407727535496325	0.12615634535358453	0.0961769426472307	0.3035894366442215
CRUK0001_SU_T1-R1	G[T>A]C	0.8615639010085419	0.06658824077741232	0.06755646450659668	0.004291393707449096
CRUK0001_SU_T1-R1	G[T>A]G	0.48766891181082744	0.17720074838525443	0.060463906219916805	0.27466643358400117
CRUK0001_SU_T1-R1	G[T>A]T	0.7731817794608868	0.052978532377236306	0.03316055733414848	0.14067913082772834
CRUK0001_SU_T1-R1	G[T>C]A	0.7110662022426762	0.018321939688457533	0.013057180987434034	0.25755467708143226
CRUK0001_SU_T1-R1	G[T>C]C	0.6441369355251251	0.0035965659217860025	0.010964635503999145	0.34130186304908966
CRUK0001_SU_T1-R1	G[T>C]G	0.7850305151386878	0.007619402024594154	0.010483723545878974	0.19686635929083915
CRUK0001_SU_T1-R1	G[T>C]T	0.8176498873781559	0.004616478962915752	0.005378011758614703	0.17235562190031356
CRUK0001_SU_T1-R1	G[T>G]A	0.453487235680297	0.006654944433910081	0.0034873248531890545	0.5363704950326039
CRUK0001_SU_T1-R1	G[T>G]C	0.3897065453410797	0.008029824294406655	0.002300014562304323	0.5999636158022095
CRUK0001_SU_T1-R1	G[T>G]G	1.041093105483807e-06	6.098451844789483e-08	4.179096158416336e-06	0.9999947188262177
CRUK0001_SU_T1-R1	G[T>G]T	0.36965866134759195	0.009324381852266207	0.006140503470231844	0.61487645332991
CRUK0001_SU_T1-R1	T[C>A]A	0.14858258102224853	0.27592193829080874	0.19741675657928626	0.3780787241076565
CRUK0001_SU_T1-R1	T[C>A]C	0.27071969942075974	0.43138791639788193	0.10951338758788413	0.18837899659347407
CRUK0001_SU_T1-R1	T[C>A]G	0.28849201071927494	0.17036530412133005	0.09812494166343678	0.44301774349595835
CRUK0001_SU_T1-R1	T[C>A]T	0.43155363038673783	0.2939417877403001	0.10925667913896786	0.1652479027339942
CRUK0001_SU_T1-R1	T[C>G]A	0.10912437333848883	0.03552174288318239	0.8498713579794751	0.005482525798853735
CRUK0001_SU_T1-R1	T[C>G]C	0.5607851839300586	0.006655539722834387	0.1582054211238813	0.27435385522322575
CRUK0001_SU_T1-R1	T[C>G]G	0.48018992318968345	0.014670781744480603	0.05634757759329171	0.4487917174725441
CRUK0001_SU_T1-R1	T[C>G]T	0.33945252646917023	0.030935944633969575	0.4254498750748692	0.20416165382199108
CRUK0001_SU_T1-R1	T[C>T]A	0.5929142119849787	0.017727157994622312	0.28086687657738163	0.10849175344301733
CRUK0001_SU_T1-R1	T[C>T]C	0.6294869279273425	0.023176288376230626	0.08019288940606949	0.2671438942903573
CRUK0001_SU_T1-R1	T[C>T]G	0.9109976841944696	0.0009872342948070508	0.047761297004636945	0.04025378450608645
CRUK0001_SU_T1-R1	T[C>T]T	0.1396124624723767	0.0016119767607832047	0.10377205477271192	0.7550035059941281
CRUK0001_SU_T1-R1	T[T>A]A	0.4380980307639102	0.08153457192360465	0.07563453534724181	0.4047328619652433
CRUK0001_SU_T1-R1	T[T>A]C	0.42291544188951136	0.0509907369376068	0.01745435756631768	0.5086394636065641
CRUK0001_SU_T1-R1	T[T>A]G	0.6465971182619651	0.18652983168713963	0.06272951503588099	0.10414353501501428
CRUK0001_SU_T1-R1	T[T>A]T	0.3708889251372591	0.06903970037608059	0.06070086471516459	0.49937050977149583
CRUK0001_SU_T1-R1	T[T>C]A	0.8165818858641614	0.014913413919253824	0.016049596206713403	0.1524551040098713
CRUK0001_SU_T1-R1	T[T>C]C	0.8307136448614456	0.0068234960620337	0.009922006477436083	0.15254085259908454
CRUK0001_SU_T1-R1	T[T>C]G	0.8973869360312967	0.006627944073680395	0.007968882251434153	0.08801623764358872
CRUK0001_SU_T1-R1	T[T>C]T	0.8289077246015947	0.00869465232649174	0.03011874462199099	0.13227887844992253
CRUK0001_SU_T1-R1	T[T>G]A	0.35294956272782796	0.02750695173345529	0.005447760437252701	0.614095725101464
CRUK0001_SU_T1-R1	T[T>G]C	0.3267677161186647	0.01391315088658389	0.001592671375389581	0.6577264616193619
CRUK0001_SU_T1-R1	T[T>G]G	0.4768593212784619	0.008644071369392436	0.004699208735734841	0.5097973986164107
CRUK0001_SU_T1-R1	T[T>G]T	0.6244146934054154	0.02453898919127154	0.024840859370766594	0.32620545803254647
CRUK0001_SU_T1-R2	A[C>A]A	2.1930965505827478e-08	0.048441734574285106	0.030461842253715232	0.9210964012410342
CRUK0001_SU_T1-R2	A[C>A]C	0.5949912715993221	0.07858524203879227	0.012522675179755551	0.31390081118213004
CRUK0001_SU_T1-R2	A[C>A]G	0.5986990614407212	0.07976212372645383	0.011859338468959847	0.3096794763638653
CRUK0001_SU_T1-R2	A[C>A]T	0.3149697973911703	0.14866502356952171	0.005936254748614163	0.5304289242906939
CRUK0001_SU_T1-R2	A[C>G]A	0.8667872232222044	0.025440686608999216	0.002834322149921245	0.10493776801887528
CRUK0001_SU_T1-R2	A[C>G]C	0.8690301677379428	0.01609936565349203	0.005582644582053155	0.10928782202651205
CRUK0001_SU_T1-R2	A[C>G]G	0.6455311195666068	0.00833838845771326	0.005239610229742062	0.34089088174593785
CRUK0001_SU_T1-R2	A[C>G]T	0.7650847840991063	0.008368341737680488	0.00687966853529425	0.21966720562791908
CRUK0001_SU_T1-R2	A[C>T]A	0.8359816601080459	0.008624483270715763	0.007179552895739554	0.1482143037254989
CRUK0001_SU_T1-R2	A[C>T]C	0.9060167823442463	0.0065201633117432075	0.003692360349518256	0.08377069399449225
CRUK0001_SU_T1-R2	A[C>T]G	0.86033799167753	0.000809071586839472	0.0022210363790180552	0.13663190035661246
CRUK0001_SU_T1-R2	A[C>T]T	0.8218393374702756	0.004317312238475786	0.005689464224754797	0.1681538860664938
CRUK0001_SU_T1-R2	A[T>A]A	0.15307532944746768	0.027033674966052385	0.023078588660043694	0.7968124069264363
CRUK0001_SU_T1-R2	A[T>A]C	0.5993274809012615	0.020847667073767343	0.010634359254261741	0.3691904927707093
CRUK0001_SU_T1-R2	A[T>A]G	0.5629884036897844	0.04521691627349174	0.022659575396335507	0.36913510464038835
CRUK0001_SU_T1-R2	A[T>A]T	0.5056333741900794	0.018795279944246335	0.007998543609052744	0.4675728022566217
CRUK0001_SU_T1-R2	A[T>C]A	0.8051679194933404	0.012029704645181463	0.006024968601027737	0.17677740726045035
CRUK0001_SU_T1-R2	A[T>C]C	0.7527425404978786	0.0016102541942339273	0.00353864811614882	0.24210855719173863
CRUK0001_SU_T1-R2	A[T>C]G	0.8617720283013642	0.002200322428582595	0.002442377176243998	0.1335852720938093
CRUK0001_SU_T1-R2	A[T>C]T	0.8827275406048041	0.005213173066317118	0.0035568809754351386	0.10850240535344356
CRUK0001_SU_T1-R2	A[T>G]A	0.4354970173402099	0.02710886530898524	0.00046967161237297515	0.5369244457384319
CRUK0001_SU_T1-R2	A[T>G]C	0.5308356610453278	0.011419727794886383	0.0001995090543989055	0.457545102105387
CRUK0001_SU_T1-R2	A[T>G]G	0.35330597686558857	0.0051199570418970185	0.0010486607510363365	0.6405254053414782
CRUK0001_SU_T1-R2	A[T>G]T	0.7530350396516936	0.009056032709245928	0.006952069042494021	0.23095685859656628
CRUK0001_SU_T1-R2	C[C>A]A	0.09236227393146741	0.36785766283352694	0.02035206567586239	0.5194279975591432
CRUK0001_SU_T1-R2	C[C>A]C	0.5162975465986421	0.44624267969669784	0.027439433167003736	0.010020340537656252
CRUK0001_SU_T1-R2	C[C>A]G	0.7287565046030096	0.15371885803425434	0.007694188016581967	0.10983044934615416
CRUK0001_SU_T1-R2	C[C>A]T	0.544443336318851	0.38703103034907194	0.01216545188811258	0.05636018144396447
CRUK0001_SU_T1-R2	C[C>G]A	0.8005658143602421	0.03644700247022248	0.011864686751870749	0.15112249641766465
CRUK0001_SU_T1-R2	C[C>G]C	0.7556392761233865	0.023562402759075896	0.004829636171478127	0.21596868494605947
CRUK0001_SU_T1-R2	C[C>G]G	0.7591057636325648	0.022406577853075243	0.008156278025265817	0.2103313804890941
CRUK0001_SU_T1-R2	C[C>G]T	0.952798630767551	0.017128156417072958	0.01051303689888352	0.01956017591649261
CRUK0001_SU_T1-R2	C[C>T]A	0.8842732625141664	0.019389977178333177	0.006821903203567947	0.0895148571039325
CRUK0001_SU_T1-R2	C[C>T]C	0.7455369822768166	0.018603204594204965	0.005873506004146836	0.2299863071248315
CRUK0001_SU_T1-R2	C[C>T]G	0.8506360401129508	0.0033571270206345146	0.0030525602451861884	0.14295427262122853
CRUK0001_SU_T1-R2	C[C>T]T	0.8498618074327949	0.02022689655450045	0.008285575176386825	0.1216257208363179
CRUK0001_SU_T1-R2	C[T>A]A	0.5386359675866489	0.2432035158064633	0.034909684479357696	0.18325083212753013
CRUK0001_SU_T1-R2	C[T>A]C	0.8098465526030254	0.072864594063776	0.006302154915740667	0.11098669841745794
CRUK0001_SU_T1-R2	C[T>A]G	0.4657224676005861	0.16820618220667807	0.02280884197547433	0.3432625082172615
CRUK0001_SU_T1-R2	C[T>A]T	0.7377200013359352	0.08563620719258687	0.014436363753886303	0.16220742771759153
CRUK0001_SU_T1-R2	C[T>C]A	0.7492009520442043	0.008696360546140812	0.0037936172594048674	0.23830907015025002
CRUK0001_SU_T1-R2	C[T>C]C	0.1658914127742051	0.0011276340911678608	0.0008469982369107327	0.8321339548977162
CRUK0001_SU_T1-R2	C[T>C]G	0.7591078199020871	0.005638117904453349	0.0024915279259199196	0.2327625342675397
CRUK0001_SU_T1-R2	C[T>C]T	0.7796351440560567	0.00425725219811762	0.0020634788679340242	0.21404412487789165
CRUK0001_SU_T1-R2	C[T>G]A	0.8381857803984598	2.129178322064311e-05	0.00486706448672818	0.15692586333159145
CRUK0001_SU_T1-R2	C[T>G]C	0.8101317912163097	0.010510249083379873	0.002851887598145363	0.17650607210216498
CRUK0001_SU_T1-R2	C[T>G]G	0.38391910889209924	0.009721718071886515	0.0008690930070021572	0.6054900800290122
CRUK0001_SU_T1-R2	C[T>G]T	0.8232807104724681	0.01728890993705922	0.00015933434426837262	0.1592710452462043
CRUK0001_SU_T1-R2	G[C>A]A	0.2327340419607215	0.08428038913060956	0.024197935593613808	0.6587876333150551
CRUK0001_SU_T1-R2	G[C>A]C	0.8069401360148596	0.17747405076515538	0.005594991548834709	0.009990821671150315
CRUK0001_SU_T1-R2	G[C>A]G	0.8414554669659436	0.10204789188700947	0.011370515509506293	0.045126125637540634
CRUK0001_SU_T1-R2	G[C>A]T	0.7299343525869538	0.1458648906358103	0.0009609712085505109	0.12323978556868541
CRUK0001_SU_T1-R2	G[C>G]A	0.5835861433474173	0.013812592938918613	0.001123445669710268	0.40147781804395377
CRUK0001_SU_T1-R2	G[C>G]C	0.577749358571591	0.01581445602875535	0.0025190710498881317	0.4039171143497654
CRUK0001_SU_T1-R2	G[C>G]G	0.05228458264583341	0.0025558091704519443	0.0009556092166895281	0.9442039989670251
CRUK0001_SU_T1-R2	G[C>G]T	0.6710708338685473	0.017175837016598697	0.002929786163110864	0.3088235429517432
CRUK0001_SU_T1-R2	G[C>T]A	0.8363498633212917	0.010200191359125284	0.007138033785478068	0.1463119115341049
CRUK0001_SU_T1-R2	G[C>T]C	0.7963693161062338	0.009567329123655178	0.006804612912993138	0.18725874185711774
CRUK0001_SU_T1-R2	G[C>T]G	0.8097680985079801	0.006463476512264876	0.0030086044267263025	0.18075982055302872
CRUK0001_SU_T1-R2	G[C>T]T	0.8258869108401407	0.009635575869036895	0.007033810115139088	0.1574437031756834
CRUK0001_SU_T1-R2	G[T>A]A	0.5944799767993005	0.09667571051927773	0.032244622575033174	0.2765996901063885
CRUK0001_SU_T1-R2	G[T>A]C	0.93299726910206	0.044066707194776934	0.019559512629775972	0.0033765110733871033
CRUK0001_SU_T1-R2	G[T>A]G	0.6008082516820501	0.13341250838794672	0.01991614393727199	0.24586309599273126
CRUK0001_SU_T1-R2	G[T>A]T	0.8434987855011286	0.03532018371316466	0.009672147461933749	0.11150888332377304
CRUK0001_SU_T1-R2	G[T>C]A	0.7789218189205978	0.012265223373641073	0.0038241198433018554	0.20498883786245933
CRUK0001_SU_T1-R2	G[T>C]C	0.7179046935044054	0.002449609145959654	0.0032672399167996994	0.2763784574328352
CRUK0001_SU_T1-R2	G[T>C]G	0.8391320655780763	0.004977197191473165	0.002996108770594146	0.15289462845985644
CRUK0001_SU_T1-R2	G[T>C]T	0.8632855677803349	0.002978640842481781	0.00151812343386695	0.13221766794331616
CRUK0001_SU_T1-R2	G[T>G]A	0.5346486279505752	0.004794772467672058	0.0010992438170002643	0.4594573557647526
CRUK0001_SU_T1-R2	G[T>G]C	0.4688799011513349	0.005904051527258263	0.0007398654374295957	0.5244761818839773
CRUK0001_SU_T1-R2	G[T>G]G	1.4328925076857351e-06	5.129367553913595e-08	1.537816948225404e-06	0.9999969779968686
CRUK0001_SU_T1-R2	G[T>G]T	0.4487516438428444	0.006917439930553072	0.0019930003940321892	0.5423379158325703
CRUK0001_SU_T1-R2	T[C>A]A	0.2304737068776186	0.26155311760767097	0.0818720639110171	0.4261011116036933
CRUK0001_SU_T1-R2	T[C>A]C	0.38646879000753726	0.3763420309189105	0.04179843476094051	0.1953907443126116
CRUK0001_SU_T1-R2	T[C>A]G	0.3894740948187415	0.1405549415588019	0.035417869627521255	0.4345530939949353
CRUK0001_SU_T1-R2	T[C>A]T	0.5674904414960299	0.23621381171652817	0.03841227327550557	0.15788347351193635
CRUK0001_SU_T1-R2	T[C>G]A	0.30141683004563535	0.05995980086749852	0.627620565531429	0.01100280355543709
CRUK0001_SU_T1-R2	T[C>G]C	0.6953427057673749	0.005043195827147214	0.0524471593410618	0.24716693906441617
CRUK0001_SU_T1-R2	T[C>G]G	0.5783339052150368	0.010797893705996663	0.018144253269349757	0.3927239478096167
CRUK0001_SU_T1-R2	T[C>G]T	0.5471121557927496	0.030470591196178794	0.1833343978961957	0.23908285511487581
CRUK0001_SU_T1-R2	T[C>T]A	0.782552391536053	0.01429818322575913	0.09911065006859222	0.10403877516959559
CRUK0001_SU_T1-R2	T[C>T]C	0.7326522979100548	0.016484480544389658	0.024954294682220275	0.22590892686333522
CRUK0001_SU_T1-R2	T[C>T]G	0.955307056580566	0.0006326538079924402	0.013390600772600143	0.030669688838841226
CRUK0001_SU_T1-R2	T[C>T]T	0.19474348423247304	0.0013740979926833358	0.038700573629613495	0.7651818441452302
CRUK0001_SU_T1-R2	T[T>A]A	0.5461119593603482	0.06211154920722742	0.02520744143563545	0.36656904999678896
CRUK0001_SU_T1-R2	T[T>A]C	0.510579492563246	0.03762021673250552	0.0056339362770253506	0.44616635442722313
CRUK0001_SU_T1-R2	T[T>A]G	0.75800357037433	0.1336306143239468	0.019661092840579472	0.08870472246114368
CRUK0001_SU_T1-R2	T[T>A]T	0.4682136386627446	0.05326222106440042	0.020487704903424282	0.4580364353694307
CRUK0001_SU_T1-R2	T[T>C]A	0.8680061752833848	0.009687692046712597	0.0045612662221656605	0.11774486644773695
CRUK0001_SU_T1-R2	T[T>C]C	0.8759403809759951	0.004396937871733426	0.0027971834336574615	0.116865497718614
CRUK0001_SU_T1-R2	T[T>C]G	0.9275146559238371	0.0041863935550393765	0.0022020982156370607	0.06609685230548655
CRUK0001_SU_T1-R2	T[T>C]T	0.8833358277735296	0.005662289360031456	0.008581333140521893	0.102420549725917
CRUK0001_SU_T1-R2	T[T>G]A	0.43179599484832965	0.02056499493852065	0.0017818953739583278	0.5458571148391914
CRUK0001_SU_T1-R2	T[T>G]C	0.4016418963485221	0.010450703858301987	0.0005233886233082121	0.5873840111698677
CRUK0001_SU_T1-R2	T[T>G]G	0.5585132649598971	0.006187023135197913	0.0014715200703661142	0.43382819183453875
CRUK0001_SU_T1-R2	T[T>G]T	0.7071009286969248	0.01698185557046374	0.007520957718416984	0.2683962580141944
CRUK0001_SU_T1-R3	A[C>A]A	3.76580697889599e-09	0.16491379906569686	0.835086197168496	0.0
CRUK0001_SU_T1-R3	A[C>A]C	0.1432919265890587	0.3752227213379483	0.48148535207299303	0.0
CRUK0001_SU_T1-R3	A[C>A]G	0.14697631584239929	0.38821516393984884	0.4648085202177519	0.0
CRUK0001_SU_T1-R3	A[C>A]T	0.07481198730350118	0.7000806774701325	0.2251073352263663	0.0
CRUK0001_SU_T1-R3	A[C>G]A	0.4752951102263086	0.276577393915849	0.24812749585784222	0.0
CRUK0001_SU_T1-R3	A[C>G]C	0.4179036368709757	0.1534924678458195	0.42860389528320486	0.0
CRUK0001_SU_T1-R3	A[C>G]G	0.39185702710390913	0.10035282116869193	0.5077901517273988	0.0
CRUK0001_SU_T1-R3	A[C>G]T	0.37700971927526994	0.08175595489039214	0.5412343258343378	0.0
CRUK0001_SU_T1-R3	A[C>T]A	0.3882503408855126	0.07941182677012087	0.5323378323443665	0.0
CRUK0001_SU_T1-R3	A[C>T]C	0.5576244669062727	0.07956115132490216	0.3628143817688252	0.0
CRUK0001_SU_T1-R3	A[C>T]G	0.6989094720152212	0.013030941089131385	0.2880595868956475	0.0
CRUK0001_SU_T1-R3	A[C>T]T	0.4526120062141649	0.04714000353499256	0.5002479902508424	0.0
CRUK0001_SU_T1-R3	A[T>A]A	0.034999893332576804	0.12254726198568806	0.8424528446817351	0.0
CRUK0001_SU_T1-R3	A[T>A]C	0.22111703208499237	0.15249390095478277	0.6263890669602249	0.0
CRUK0001_SU_T1-R3	A[T>A]G	0.11088749856216129	0.17657169441585152	0.7125408070219872	0.0
CRUK0001_SU_T1-R3	A[T>A]T	0.23460488423736162	0.17289686675362081	0.5924982490090176	0.0
CRUK0001_SU_T1-R3	A[T>C]A	0.40146603246214757	0.11891983952085093	0.47961412801700143	0.0
CRUK0001_SU_T1-R3	A[T>C]C	0.5577438779119177	0.023654828143705817	0.4186012939443766	0.0
CRUK0001_SU_T1-R3	A[T>C]G	0.66529321882947	0.033677824981164665	0.3010289561893653	0.0
CRUK0001_SU_T1-R3	A[T>C]T	0.568054696328805	0.06651240132013127	0.3654329023510638	0.0
CRUK0001_SU_T1-R3	A[T>G]A	0.4155728617919955	0.5128735953201838	0.07155354288782075	0.0
CRUK0001_SU_T1-R3	A[T>G]C	0.6727134661189266	0.2869212996098642	0.04036523427120933	0.0
CRUK0001_SU_T1-R3	A[T>G]G	0.567800915553213	0.1631354810020457	0.2690636034447414	0.0
CRUK0001_SU_T1-R3	A[T>G]T	0.36868414901395763	0.08790514009202144	0.5434107108940209	0.0
CRUK0001_SU_T1-R3	C[C>A]A	0.008684916033127623	0.6857847467770453	0.30553033718982714	0.0
CRUK0001_SU_T1-R3	C[C>A]C	0.03756446041271481	0.6437025137069399	0.31873302588034547	0.0
CRUK0001_SU_T1-R3	C[C>A]G	0.14561169442164862	0.6089448579843789	0.2454434475939725	0.0
CRUK0001_SU_T1-R3	C[C>A]T	0.05358696871446524	0.75524750088639	0.1911655303991447	0.0
CRUK0001_SU_T1-R3	C[C>G]A	0.23426233091324072	0.21144832153037224	0.554289347556387	0.0
CRUK0001_SU_T1-R3	C[C>G]C	0.37898474401671356	0.23429541316090854	0.3867198428223779	0.0
CRUK0001_SU_T1-R3	C[C>G]G	0.30297478627531876	0.17730326680654027	0.5197219469181409	0.0
CRUK0001_SU_T1-R3	C[C>G]T	0.3207199191268726	0.11430689723797503	0.5649731836351523	0.0
CRUK0001_SU_T1-R3	C[C>T]A	0.3750365357662065	0.1630427115337703	0.4619207527000232	0.0
CRUK0001_SU_T1-R3	C[C>T]C	0.3633072905818939	0.1797337727662182	0.4569589366518879	0.0
CRUK0001_SU_T1-R3	C[C>T]G	0.6056320635291766	0.0473881615912349	0.3469797748795884	0.0
CRUK0001_SU_T1-R3	C[C>T]T	0.3302111411521029	0.15581514546781022	0.5139737133800869	0.0
CRUK0001_SU_T1-R3	C[T>A]A	0.04926330536922877	0.44099640919736577	0.5097402854334054	0.0
CRUK0001_SU_T1-R3	C[T>A]C	0.2483720228908808	0.4430507673420945	0.30857720976702463	0.0
CRUK0001_SU_T1-R3	C[T>A]G	0.06257966036285564	0.4481103472457159	0.48930999239142847	0.0
CRUK0001_SU_T1-R3	C[T>A]T	0.15562571365655561	0.35816589425846035	0.48620839208498406	0.0
CRUK0001_SU_T1-R3	C[T>C]A	0.4905475140680683	0.1128904755000417	0.39656201043189	0.0
CRUK0001_SU_T1-R3	C[T>C]C	0.512844548054677	0.0691141611199029	0.4180412908254201	0.0
CRUK0001_SU_T1-R3	C[T>C]G	0.5983504965541412	0.08810962456571086	0.31353987888014784	0.0
CRUK0001_SU_T1-R3	C[T>C]T	0.653245973209387	0.07072154153082962	0.27603248525978336	0.0
CRUK0001_SU_T1-R3	C[T>G]A	0.5187931782752466	0.0002612781007040696	0.48094554362404934	0.0
CRUK0001_SU_T1-R3	C[T>G]C	0.5496820261852585	0.14138582699825433	0.3089321468164872	0.0
CRUK0001_SU_T1-R3	C[T>G]G	0.5366380837292128	0.26941501141815494	0.19394690485263222	0.0
CRUK0001_SU_T1-R3	C[T>G]T	0.6909672433115512	0.2876829595313174	0.02134979715713134	0.0
CRUK0001_SU_T1-R3	G[C>A]A	0.0403566098137922	0.28974656935002996	0.6698968208361779	0.0
CRUK0001_SU_T1-R3	G[C>A]C	0.15462152152954228	0.674218234531561	0.17116024393889664	0.0
CRUK0001_SU_T1-R3	G[C>A]G	0.17979843161434086	0.4323105228046586	0.3878910455810005	0.0
CRUK0001_SU_T1-R3	G[C>A]T	0.19334547081065495	0.7660162403811223	0.0406382888082228	0.0
CRUK0001_SU_T1-R3	G[C>G]A	0.5628744162305066	0.26413062435208307	0.17299495941741028	0.0
CRUK0001_SU_T1-R3	G[C>G]C	0.4466685331184851	0.24240253154339506	0.31092893533811994	0.0
CRUK0001_SU_T1-R3	G[C>G]G	0.204619219874987	0.19830707537154288	0.5970737047534701	0.0
CRUK0001_SU_T1-R3	G[C>G]T	0.45362632443045675	0.23018912514035714	0.31618455042918625	0.0
CRUK0001_SU_T1-R3	G[C>T]A	0.38396687091450554	0.09284341154855023	0.5231897175369443	0.0
CRUK0001_SU_T1-R3	G[C>T]C	0.3842696285495915	0.09152700746932667	0.5242033639810818	0.0
CRUK0001_SU_T1-R3	G[C>T]G	0.5709653785789311	0.09035502140383785	0.3386796000172309	0.0
CRUK0001_SU_T1-R3	G[C>T]T	0.3859490676994605	0.089273815158898	0.5247771171416415	0.0
CRUK0001_SU_T1-R3	G[T>A]A	0.07761741981139358	0.2502513042318717	0.6721312759567347	0.0
CRUK0001_SU_T1-R3	G[T>A]C	0.1892724982145479	0.1772371461118352	0.633490355673617	0.0
CRUK0001_SU_T1-R3	G[T>A]G	0.09350356192594342	0.41164782284672163	0.49484861522733503	0.0
CRUK0001_SU_T1-R3	G[T>A]T	0.2731591311212153	0.22677293528924883	0.5000679335895359	0.0
CRUK0001_SU_T1-R3	G[T>C]A	0.47709861773068624	0.14894528424694534	0.3739560980223685	0.0
CRUK0001_SU_T1-R3	G[T>C]C	0.5573392587399255	0.03770393208675013	0.40495680917332433	0.0
CRUK0001_SU_T1-R3	G[T>C]G	0.5925464254496285	0.06968092698803025	0.3377726475623413	0.0
CRUK0001_SU_T1-R3	G[T>C]T	0.7412008448448438	0.05070334037718586	0.20809581477797046	0.0
CRUK0001_SU_T1-R3	G[T>G]A	0.6639891543609628	0.11805857544845248	0.21795227019058466	0.0
CRUK0001_SU_T1-R3	G[T>G]C	0.6659703066655741	0.16625717424740646	0.16777251908701948	0.0
CRUK0001_SU_T1-R3	G[T>G]G	0.0057785924194617136	0.004101184229115079	0.9901202233514231	0.0
CRUK0001_SU_T1-R3	G[T>G]T	0.496360423700748	0.1516957792710032	0.3519437970282487	0.0
CRUK0001_SU_T1-R3	T[C>A]A	0.012466730184741889	0.2804969097187932	0.7070363600964649	0.0
CRUK0001_SU_T1-R3	T[C>A]C	0.026614347341885544	0.5138319722930293	0.45955368036508515	0.0
CRUK0001_SU_T1-R3	T[C>A]G	0.04410471258813248	0.3155655206697272	0.6403297667421403	0.0
CRUK0001_SU_T1-R3	T[C>A]T	0.04985294181438644	0.4114097071169673	0.5387373510686463	0.0
CRUK0001_SU_T1-R3	T[C>G]A	0.0029640412430823894	0.011689984429484095	0.9853459743274335	0.0
CRUK0001_SU_T1-R3	T[C>G]C	0.07583930341200525	0.010905316411352164	0.9132553801766425	0.0
CRUK0001_SU_T1-R3	T[C>G]G	0.15676474934124893	0.05802909708811906	0.785206153570632	0.0
CRUK0001_SU_T1-R3	T[C>G]T	0.017984710448526852	0.01985843287616919	0.9621568566753039	0.0
CRUK0001_SU_T1-R3	T[C>T]A	0.046334320406418876	0.01678445481454512	0.936881224779036	0.0
CRUK0001_SU_T1-R3	T[C>T]C	0.14526714567710863	0.0648010077921721	0.7899318465307192	0.0
CRUK0001_SU_T1-R3	T[C>T]G	0.30759910943939206	0.004038733726279696	0.6883621568343283	0.0
CRUK0001_SU_T1-R3	T[C>T]T	0.03042573531423022	0.004256306152101097	0.9653179585336689	0.0
CRUK0001_SU_T1-R3	T[T>A]A	0.09412536548847207	0.21224347940660623	0.6936311551049217	0.0
CRUK0001_SU_T1-R3	T[T>A]C	0.23682768372920843	0.34596120405585984	0.41721111221493173	0.0
CRUK0001_SU_T1-R3	T[T>A]G	0.11579093306253936	0.4047121790718638	0.4794968878655968	0.0
CRUK0001_SU_T1-R3	T[T>A]T	0.09764415205456299	0.22022086168379013	0.6821349862616469	0.0
CRUK0001_SU_T1-R3	T[T>C]A	0.48538299696135384	0.10740365863371008	0.4072133444049361	0.0
CRUK0001_SU_T1-R3	T[T>C]C	0.6213705429167888	0.061839141097196744	0.3167903159860144	0.0
CRUK0001_SU_T1-R3	T[T>C]G	0.6809524978727396	0.060935881261679446	0.2581116208655809	0.0
CRUK0001_SU_T1-R3	T[T>C]T	0.3734047845134628	0.04745512249121025	0.579140092995327	0.0
CRUK0001_SU_T1-R3	T[T>G]A	0.3841591661236996	0.3627423013097943	0.25309853256650605	0.0
CRUK0001_SU_T1-R3	T[T>G]C	0.5800732430537247	0.2992446345951806	0.12068212235109471	0.0
CRUK0001_SU_T1-R3	T[T>G]G	0.6096580241847102	0.13389721642900843	0.2564447593862814	0.0
CRUK0001_SU_T1-R3	T[T>G]T	0.31503409312713954	0.1500024311132994	0.534963475759561	0.0
CRUK0002_SU_T1-R1	A[C>A]A	4.911654335776402e-09	0.22475853858113298	0.6209514387384931	0.15429001776871953
CRUK0002_SU_T1-R1	A[C>A]C	0.16538484053938304	0.4525354122553484	0.3168207730889408	0.0652589741163277
CRUK0002_SU_T1-R1	A[C>A]G	0.16807132587650822	0.4638827554611426	0.30302394123332715	0.06502197742902202
CRUK0002_SU_T1-R1	A[C>A]T	0.07270944204133852	0.7109796583887349	0.12472854621555181	0.09158235335437474
CRUK0002_SU_T1-R1	A[C>G]A	0.5009448581208024	0.3046019791517469	0.1490932776990588	0.045359885028391944
CRUK0002_SU_T1-R1	A[C>G]C	0.48483451072780653	0.18607751922526666	0.28348499837985885	0.04560297166706784
CRUK0002_SU_T1-R1	A[C>G]G	0.41643292414913086	0.11143881086234037	0.3076509680628519	0.164477296925677
CRUK0002_SU_T1-R1	A[C>G]T	0.44251986192103004	0.10027417118518395	0.3621780675508494	0.0950278993429366
CRUK0002_SU_T1-R1	A[C>T]A	0.46992082557921266	0.10043555802212195	0.3673303150662041	0.062313301332461275
CRUK0002_SU_T1-R1	A[C>T]C	0.6292551387925734	0.09381568908344601	0.23341353543643592	0.043515636687544705
CRUK0002_SU_T1-R1	A[C>T]G	0.7282068672358346	0.014187278336257285	0.17110896738197395	0.08649688704593402
CRUK0002_SU_T1-R1	A[C>T]T	0.5285489009860014	0.05752255641091212	0.3330435672040444	0.0808849753990421
CRUK0002_SU_T1-R1	A[T>A]A	0.04489432866139381	0.16425471203274125	0.6160655939127887	0.17478536539307618
CRUK0002_SU_T1-R1	A[T>A]C	0.26340761758981085	0.18982266747689264	0.42540921760863243	0.12136049732466402
CRUK0002_SU_T1-R1	A[T>A]G	0.1466771237626093	0.24405648214084258	0.5373362410481244	0.07193015304842376
CRUK0002_SU_T1-R1	A[T>A]T	0.2563093698853909	0.19738039802382115	0.36903800832826983	0.17727222376251808
CRUK0002_SU_T1-R1	A[T>C]A	0.46407625301374755	0.1436429508452714	0.3160742386959897	0.0762065574449913
CRUK0002_SU_T1-R1	A[T>C]C	0.5838531619000423	0.02587486458478821	0.2498192982307573	0.14045267528441227
CRUK0002_SU_T1-R1	A[T>C]G	0.7008719410478865	0.037073114827410956	0.18079667639958297	0.08125826772511961
CRUK0002_SU_T1-R1	A[T>C]T	0.6324964224964692	0.07738557434392739	0.23197017971584316	0.05814782344376016
CRUK0002_SU_T1-R1	A[T>G]A	0.3021256530580584	0.38961908986621574	0.029657064271082768	0.27859819280464304
CRUK0002_SU_T1-R1	A[T>G]C	0.47068656836215184	0.2097751001978051	0.016101478424678784	0.3034368530153643
CRUK0002_SU_T1-R1	A[T>G]G	0.3417235847052427	0.10259277018440799	0.09231885559785405	0.46336478951249516
CRUK0002_SU_T1-R1	A[T>G]T	0.4312524196848055	0.1074436647030841	0.3623780352347787	0.09892588037733166
CRUK0002_SU_T1-R1	C[C>A]A	0.009278740861007839	0.7655978532377697	0.1860948498243254	0.03902855607689713
CRUK0002_SU_T1-R1	C[C>A]C	0.042091420376065614	0.7536871231308828	0.2036104600228369	0.0006109964702146831
CRUK0002_SU_T1-R1	C[C>A]G	0.1551929518432681	0.6781771759964761	0.1491364406021445	0.01749343155811131
CRUK0002_SU_T1-R1	C[C>A]T	0.056058844104215966	0.8255886402992685	0.11401214777755202	0.0043403678189636264
CRUK0002_SU_T1-R1	C[C>G]A	0.2912655014036578	0.2747136845976004	0.3928979052012544	0.041122908797487506
CRUK0002_SU_T1-R1	C[C>G]C	0.40958294836995646	0.26458997811546087	0.23827209845284672	0.08755497506173604
CRUK0002_SU_T1-R1	C[C>G]G	0.35756422172163194	0.21865215896823562	0.3496835626742205	0.07410005663591193
CRUK0002_SU_T1-R1	C[C>G]T	0.4180487515795352	0.15569078104015246	0.41984155772656595	0.006418909653746287
CRUK0002_SU_T1-R1	C[C>T]A	0.4479945913060506	0.20351201090631743	0.3145743149860142	0.03391908280161794
CRUK0002_SU_T1-R1	C[C>T]C	0.40572261279468397	0.20973661525649176	0.29093024235509524	0.093610529593729
CRUK0002_SU_T1-R1	C[C>T]G	0.6518551696245659	0.05329685458259681	0.21291340646548404	0.08193456932735324
CRUK0002_SU_T1-R1	C[C>T]T	0.4020134048171895	0.19822021635161938	0.3567354867758059	0.04303089205538521
CRUK0002_SU_T1-R1	C[T>A]A	0.060578220453082456	0.5666533760295115	0.35735389021843267	0.01541451329897339
CRUK0002_SU_T1-R1	C[T>A]C	0.2721252547599837	0.5072349044448116	0.19274655071042748	0.027893290084777273
CRUK0002_SU_T1-R1	C[T>A]G	0.07412163410472628	0.5546081147406254	0.3304094509738715	0.04086080018077689
CRUK0002_SU_T1-R1	C[T>A]T	0.1868996234990202	0.44947005482490004	0.33289411232002675	0.030736209356053014
CRUK0002_SU_T1-R1	C[T>C]A	0.5156613868343809	0.12400245952815979	0.2376573409823805	0.12267881265507874
CRUK0002_SU_T1-R1	C[T>C]C	0.18666207463930923	0.026286142046211634	0.08674533300494933	0.70030645030953
CRUK0002_SU_T1-R1	C[T>C]G	0.5945489084458643	0.09148391567768918	0.17761568275196404	0.13635149312448258
CRUK0002_SU_T1-R1	C[T>C]T	0.6412851067985568	0.0725463547187643	0.15448673736283422	0.13168180111984473
CRUK0002_SU_T1-R1	C[T>G]A	0.5991356714712688	0.00031529958196007757	0.31665286272860155	0.08389616621816953
CRUK0002_SU_T1-R1	C[T>G]C	0.5707312908381397	0.1533965131232829	0.18286889591294175	0.09300330012563564
CRUK0002_SU_T1-R1	C[T>G]G	0.3436152288329194	0.18026116244030566	0.07079952750993235	0.4053240812168426
CRUK0002_SU_T1-R1	C[T>G]T	0.6260303078755128	0.27235885617440075	0.011027783873767572	0.09058305207631895
CRUK0002_SU_T1-R1	G[C>A]A	0.04979368538083522	0.3735660165778184	0.4712204230042218	0.10541987503712466
CRUK0002_SU_T1-R1	G[C>A]C	0.16137547350539444	0.7352881128000447	0.10184203688339195	0.001494376811168926
CRUK0002_SU_T1-R1	G[C>A]G	0.209095572140923	0.5253445216656825	0.25717294857903417	0.008386957614360249
CRUK0002_SU_T1-R1	G[C>A]T	0.18566513878008303	0.7686414570469787	0.022247866456238913	0.02344553771669938
CRUK0002_SU_T1-R1	G[C>G]A	0.45869510158294874	0.22491623996118074	0.0803716038564538	0.2360170545994167
CRUK0002_SU_T1-R1	G[C>G]C	0.402118738482371	0.2280318801062474	0.15958302230936966	0.21026635910201183
CRUK0002_SU_T1-R1	G[C>G]G	0.05819659816777699	0.058935754531767526	0.09681345356933307	0.7860541937311224
CRUK0002_SU_T1-R1	G[C>G]T	0.4401770679958324	0.23340138578564448	0.17491473743482358	0.15150680878369951
CRUK0002_SU_T1-R1	G[C>T]A	0.46289157784135226	0.1169569619482689	0.3595847934485458	0.0605666667618329
CRUK0002_SU_T1-R1	G[C>T]C	0.454035405449869	0.11300362795145312	0.35311003208120706	0.07985093451747065
CRUK0002_SU_T1-R1	G[C>T]G	0.5986274964022068	0.09898938891301347	0.20243822349379537	0.09994489119098429
CRUK0002_SU_T1-R1	G[C>T]T	0.4630776986533546	0.11192766118994547	0.358967683594728	0.06602695656197193
CRUK0002_SU_T1-R1	G[T>A]A	0.10358497706295312	0.34898228827732997	0.5113853357746224	0.03604739888509451
CRUK0002_SU_T1-R1	G[T>A]C	0.25711353419243205	0.25158319945138263	0.4906073205148086	0.0006959458413767199
CRUK0002_SU_T1-R1	G[T>A]G	0.11206293653906374	0.5155242869011326	0.33811372143149343	0.03429905512831041
CRUK0002_SU_T1-R1	G[T>A]T	0.33222014211869366	0.28819797331600894	0.3467335265840987	0.032848357981198756
CRUK0002_SU_T1-R1	G[T>C]A	0.5076376307384229	0.165600586904396	0.226841684041942	0.09992009831523899
CRUK0002_SU_T1-R1	G[T>C]C	0.5640595631515525	0.039873231979375465	0.2336526063841699	0.16241459848490208
CRUK0002_SU_T1-R1	G[T>C]G	0.6312576881576394	0.07756890867793423	0.20514709378618542	0.08602630937824095
CRUK0002_SU_T1-R1	G[T>C]T	0.7428912402513681	0.05310254890457957	0.11890750609766171	0.08509870474639072
CRUK0002_SU_T1-R1	G[T>G]A	0.49611208545372354	0.09217344581355388	0.09284035899055314	0.31887410974216945
CRUK0002_SU_T1-R1	G[T>G]C	0.44620858370346556	0.11639998205181523	0.06408560271276897	0.3733058315319502
CRUK0002_SU_T1-R1	G[T>G]G	1.9154442119264845e-06	1.4205161855501603e-06	0.00018710783262856044	0.999809556206974
CRUK0002_SU_T1-R1	G[T>G]T	0.3805904822394678	0.12154126099610237	0.15384758555343103	0.3440206712109989
CRUK0002_SU_T1-R1	T[C>A]A	0.01717432976829085	0.40377998001341675	0.5552973217793659	0.023748368438926557
CRUK0002_SU_T1-R1	T[C>A]C	0.03185079534885888	0.6425620153581091	0.31354313951795426	0.012044049775077894
CRUK0002_SU_T1-R1	T[C>A]G	0.056857040980358764	0.42508743369721685	0.47060825590701877	0.04744726941540558
CRUK0002_SU_T1-R1	T[C>A]T	0.06253024402447875	0.5392166958832846	0.3852414528561126	0.013011607236124099
CRUK0002_SU_T1-R1	T[C>G]A	0.005136869336283408	0.021169844753947415	0.973553037779488	0.00014024813028096575
CRUK0002_SU_T1-R1	T[C>G]C	0.12075343574204359	0.018143994092604046	0.8289989748178987	0.032103595347453565
CRUK0002_SU_T1-R1	T[C>G]G	0.210514958052233	0.0814272606266526	0.6011389037162937	0.10691887760482065
CRUK0002_SU_T1-R1	T[C>G]T	0.030320870480392583	0.03498425680108275	0.9247848092725602	0.009910063445964457
CRUK0002_SU_T1-R1	T[C>T]A	0.0768902769124081	0.029104847666967224	0.8863591986665876	0.007645676754036991
CRUK0002_SU_T1-R1	T[C>T]C	0.2084693001275459	0.09717307122072114	0.6462803048313509	0.048077323820381955
CRUK0002_SU_T1-R1	T[C>T]G	0.4322363129692217	0.00593022076427384	0.5514545900051986	0.010378876261305901
CRUK0002_SU_T1-R1	T[C>T]T	0.0451004129777073	0.00659267639194292	0.8157675290841494	0.13253938154620037
CRUK0002_SU_T1-R1	T[T>A]A	0.12407694227815791	0.2923534526838472	0.521278234089337	0.062291370948657866
CRUK0002_SU_T1-R1	T[T>A]C	0.23898456340128554	0.36479950979898407	0.2400213324950259	0.1561945943047045
CRUK0002_SU_T1-R1	T[T>A]G	0.14083259503503018	0.5143566581991529	0.33248420157603514	0.012326545189781856
CRUK0002_SU_T1-R1	T[T>A]T	0.12389900490496682	0.2919910242342816	0.49345607252413626	0.09065389833661536
CRUK0002_SU_T1-R1	T[T>C]A	0.5521904996547586	0.1276770709611913	0.2641088571714325	0.05602357221261753
CRUK0002_SU_T1-R1	T[T>C]C	0.6691493485407978	0.0695865509525224	0.1944916177088928	0.0667724827977871
CRUK0002_SU_T1-R1	T[T>C]G	0.7337278803595781	0.06860894870856216	0.15855588118488817	0.03910728974697154
CRUK0002_SU_T1-R1	T[T>C]T	0.4753440666154131	0.06312490848860178	0.420308742475018	0.04122228242096714
CRUK0002_SU_T1-R1	T[T>G]A	0.3023164859598798	0.2982897283340342	0.11355253943323886	0.28584124627284707
CRUK0002_SU_T1-R1	T[T>G]C	0.3634403005778934	0.1959142770352521	0.043107196769172074	0.39753822561768254
CRUK0002_SU_T1-R1	T[T>G]G	0.4877418187602235	0.11193469277947304	0.11696451398331667	0.28335897447698677
CRUK0002_SU_T1-R1	T[T>G]T	0.3636966576606391	0.1809545533593851	0.35209712506135976	0.10325166391861615
CRUK0002_SU_T1-R2	A[C>A]A	7.4243736149227345e-09	0.2763433870003976	0.6055771165803352	0.11807948899489364
CRUK0002_SU_T1-R2	A[C>A]C	0.21452901697820478	0.47746744626676363	0.2651452112802452	0.04285832547478633
CRUK0002_SU_T1-R2	A[C>A]G	0.2171981770728045	0.48760890812483576	0.2526499908664404	0.04254292393591937
CRUK0002_SU_T1-R2	A[C>A]T	0.0934741875872565	0.7434622400336249	0.10345382257810308	0.059609749801015376
CRUK0002_SU_T1-R2	A[C>G]A	0.5772161790094917	0.2854842453304651	0.11083742547424644	0.0264621501857967
CRUK0002_SU_T1-R2	A[C>G]C	0.5756927564414056	0.17971817513466887	0.21717364259771138	0.02741542582621408
CRUK0002_SU_T1-R2	A[C>G]G	0.5279050820438439	0.11490742875560749	0.2516221477253709	0.10556534147517777
CRUK0002_SU_T1-R2	A[C>G]T	0.5491247693910586	0.10121111278889067	0.2899614130101652	0.059702704809885605
CRUK0002_SU_T1-R2	A[C>T]A	0.572964447783507	0.09960733778807941	0.2889612110246206	0.038467003403793
